[SYSTEMSETTING]
DeviceIP=192.168.1.11
LastSuccessCOM_Airpower=COM7
CameraName=Endoscope
isShowLogin=0
BootScreenTimes=2000
[MACHINE]
BuildSize_X=230.000000
BuildSize_Y=240.000000
BuildSize_Z=160.000000
PlatformSize_X=145.000000
PlatformSize_Y=145.000000
GCodeOffset_X=120
GCodeOffset_Y=80
isXRevise=0
isYRevise=0
isZRevise=0
isExtrudeTempHigh=0
isControlTemp=0
BuildSize_Z_Build=135.725998
BuildSize_Z_Knife=147.647995
BuildSize_Z_Diff=-11.921997
BuildSize_Z_Offset=0.000000
CalibrateKnife_Pos=30.00,70.00
CalibrateCleanKnifeHigh_Pos=28.74,162.00
CalibrateCleanKnifeLow_Pos=28.74,119.50
Camera_Pos=10.00,30.00
LevelTest_A_Pos=190.00,100.00
LevelTest_B_Pos=250.00,170.00
LevelTest_C_Pos=190.00,50.00
BuildPlatform_Pos=260.00,100.00
KnifePlatform_Pos=150.00,80.00
PlatformCenter_Pos=135.00,80.00
SpeedRange_XY_Min=1
SpeedRange_XY_Max=14000
SpeedRange_Z_Min=1
SpeedRange_Z_Max=1500
TempRange_Ex_Min=-30
TempRange_Ex_Max=260
TempRange_Pl_Min=-30
TempRange_Pl_Max=60
Current_Min=4.000000
Current_Max=20.000000
Regression_K=18.072001
Regression_B=3.993900
Pressure_Min=0.000000
Pressure_Max=0.600000
isAutoCalibration=0
UVAutoMode=0
UVPower=100
isAutoControlTemp=0
SwitchHeadYAxis1=235.600006
SwitchHeadYAxis2=157.800003
SwitchHeadYAxis3=79.800003
SwitchHeadYAxis4=1.800000
HeadOffsetX=8.500000
TempOffset1=0.000000
TempOffset2=0.000000
TempOffset3=0.000000
TempOffset4=0.000000
TempOffsetZ=0.000000
TempOffsetP=0.000000
TestAdjHighSensor_Pos=148.00,75.00,117.00
TestAdjHead_Pos=148.00,95.00,113.00
Camera_Dir_X=1
Camera_Dir_Y=1
Camera_Radio=22.00,22.00
PlatformXAxisOffset=14.000000
ZSensorHeightXAxisOffset=0.000000
ZHeadCameraZOffset=20.000000
