[SYSTEMSETTING]
DeviceIP=192.168.1.11
LastSuccessCOM_Airpower=COM4
CameraName=Endoscope
isShowLogin=0
BootScreenTimes=2000
[MACHINE]
BuildSize_X=240.000000
BuildSize_Y=250.000000
BuildSize_Z=160.000000
PlatformSize_X=145.000000
PlatformSize_Y=145.000000
GCodeOffset_X=0
GCodeOffset_Y=0
isXRevise=0
isYRevise=0
isZRevise=0
isExtrudeTempHigh=0
isControlTemp=0
BuildSize_Z_Build=146.515976
BuildSize_Z_Knife=154.313995
BuildSize_Z_Diff=-10.998011
BuildSize_Z_Offset=0.000000
CalibrateKnife_Pos=12.00,90.00
CalibrateCleanKnifeHigh_Pos=12.00,180.00
CalibrateCleanKnifeLow_Pos=12.00,136.00
Camera_Pos=12.00,52.00
LevelTest_A_Pos=245.00,35.00
LevelTest_B_Pos=245.00,195.00
LevelTest_C_Pos=185.00,115.00
BuildPlatform_Pos=265.00,115.00
KnifePlatform_Pos=140.40,95.00
PlatformCenter_Pos=138.00,85.00
SpeedRange_XY_Min=1
SpeedRange_XY_Max=14000
SpeedRange_Z_Min=1
SpeedRange_Z_Max=1500
TempRange_Ex_Min=-30
TempRange_Ex_Max=260
TempRange_Pl_Min=-30
TempRange_Pl_Max=60
Current_Min=4.000000
Current_Max=20.000000
Regression_K=17.882269
Regression_B=3.991766
Pressure_Min=0.000000
Pressure_Max=0.600000
isAutoCalibration=0
UVAutoMode=0
UVPower=100
isAutoControlTemp=0
SwitchHeadYAxis1=247.300003
SwitchHeadYAxis2=169.300003
SwitchHeadYAxis3=91.300003
SwitchHeadYAxis4=13.300000
HeadOffsetX=8.500000
TempOffset1=0.000000
TempOffset2=0.000000
TempOffset3=0.000000
TempOffset4=0.000000
TempOffsetZ=0.000000
TempOffsetP=0.000000
TestAdjHighSensor_Pos=148.00,75.00,117.00
TestAdjHead_Pos=148.00,95.00,113.00
Camera_Dir_X=1
Camera_Dir_Y=1
Camera_Radio=47.00,41.00
PlatformXAxisOffset=14.000000
ZSensorHeightXAxisOffset=0.000000
ZHeadCameraZOffset=-25.000000
Flow_Min1=1
Flow_Min2=1
isFlow1_Open=1
isFlow2_Open=1
ZHeadFirstStageAxis=144.000000
ZSensorFirstStagAxis=110.000000
ZPlatformFirstStageAxis=98.000000
